Parallel Computing I
Homework 2

Name: Max Bogue

Q1.

Sequential program:
% java hw2q1seq 3200 3200 0 0 0.5 -0.5 1200 1000 0.4 ms3200.pjg

Parallel program:
% java -Dpj.nt=K -Dpj.schedule=guided hw2q1smp 3200 3200 0 0 0.5 -0.5 1200 1000 0.4 ms3200.pjg

K       T       speedup     eff     edsf
seq     74804           
1       80513   0.929092    0.929   
2       42576   1.756952    0.878   0.057618
3       27557   2.714519    0.905   0.013402
4       20312   3.682749    0.921   0.003043
5       16035   4.665045    0.933   -0.001050
6       13204   5.665253    0.944   -0.003202
7       11240   6.655160    0.951   -0.003794
8       10080   7.421032    0.928   0.000225

Q2.

Seqential program:
% java hw2q2seq 200000000 2

Parallel program:
% java -Dpj.nt=K hw2q2smp 200000000 2

K       T       speedup     eff     edsf
seq     27023           
1       30775   0.878083    0.878   
2       13955   1.936439    0.968   -0.093095
3       10321   2.618254    0.873   0.003054
4       7789    3.469380    0.867   0.004127
5       5993    4.509094    0.902   -0.006580
6       5104    5.294475    0.882   -0.000981
7       4432    6.097247    0.871   0.001348
8       3625    7.454621    0.932   -0.008240

Q3.

Sequential program:
% java hw2q3seq 3 100000000

Parallel program:
% java -Dpj.nt=1 hw2q3smp 3 100000000

K       T       speedup     eff     edsf
seq     45470           
1       45485   0.999670    1.000   
2       23341   1.948074    0.974   0.026316
3       15263   2.979100    0.993   0.003342
4       11512   3.949792    0.987   0.004126
5       9289    4.895037    0.979   0.005276
6       7671    5.927519    0.988   0.002379
7       6597    6.892527    0.985   0.002543
8       5983    7.599866    0.950   0.007472

Q4.

Parallel program:
% java -Dpj.nt=K hw2q4smp 1000000 3 /dev/null

K   	T   	speedup 	eff 	edsf
seq 	24762
1   	25366   0.976189    0.976
2   	19405   1.276063    0.638   0.530001
3   	17638   1.403901    0.468   0.543010
4   	16671   1.485334    0.371   0.542958
5   	15894   1.557946    0.312   0.533233
6   	15501   1.597445    0.266   0.533312
7   	15467   1.600957    0.229   0.544712
8   	15288   1.619702    0.202   0.545939

Q5.

Sequential program:
% java hw2q5seq 150000000

Parallel program:
% java -Dpj.nt=K hw2q5smp 150000000

K       T       speedup     eff     edsf
seq     34874           
1       39536   0.882082    0.882   
2       22247   1.567582    0.784   0.125405
3       16541   2.108337    0.703   0.127567
4       13520   2.579438    0.645   0.122622
5       11771   2.962705    0.593   0.122161
6       10339   3.373053    0.562   0.113810
7       9438    3.695063    0.528   0.111839
8       8782    3.971077    0.496   0.111002
